0	6
0	7
1	6
1	15
2	2
2	3
3	6
3	14
4	1
4	10
5	1
5	2
6	13
6	14
7	2
8	0
8	10
9	3
9	12
10	14
11	5
11	14
12	1
13	1
14	0
15	1
16	1
16	10
17	5
17	13
17	14
18	4
18	5
18	14
19	5
19	14
20	1
23	4
23	5
23	14
24	4
24	5
24	14
25	0
25	1
25	10
26	0
26	1
26	10
27	0
28	3
28	12
29	2
30	3
30	4
30	13
31	1
31	10
32	1
32	10
33	1
33	2
34	3
34	13
35	1
36	2
37	0
37	1
37	2
37	3
37	10
38	0
38	1
38	10
39	5
39	14
40	1
40	2
41	6
41	15
42	2
42	3
42	12 
43	15
44	0
44	10
45	2
45	12
45	13
46	3
46	12
47	1
47	2
47	10
48	2
49	3
50	1
50	2
50	10
51	2
51	12
52	1
52	10
53	2
53	3
53	12 
55	5
55	6
55	15
56	3
56	4
56	13
57	1
57	2
57	10
58	4
58	5
58	14
59	3
59	4
59	9
59	10
59	11
59	12
59	13
59	15
59	16
60	3
60	12
60	13
61	4
61	13
62	3
62	5
62	12
62	13
62	15
63	1
63	2
64	2
64	12
65	3
65	12
66	6
66	15
67	0
68	4
68	13
69	2
69	3
69	12
70	10
71	4
71	5
71	14
72	12
73	4
73	13
74	2
74	3
74	12
75	3
75	4
75	13
76	5
76	10
76	14
77	3
77	4
77	13
78	2
78	3
78	12
79	0
79	1
79	2
79	2
79	5
79	6
79	7
79	14
80	0
80	10
81	0
81	1
81	10
82	2
82	3
82	12
83	3
83	12
84	5
84	6
84	15
85	3
85	4
85	13
86	3
86	13
87	3
87	12
88	1
88	10
90	3
91	2
92	1
92	2
93	3
93	4
93	13
94	3
94	4
94	5
94	6
94	7
94	13
95	6
95	7
96	14
97	4
97	14
99	3
99	13
100	2
100	12
101	0
101	1
101	2
101	3
101	4
101	5
101	6
101	7
101	10
101	12
102	2
102	3
102	12
103	1
103	10
104	1
104	2
104	3
105	2
105	3
105	12
106	1
106	2
107	4
107	13
108	3
108	4
108	13
109	5
109	15
110	6
110	15
111	3
111	13
112	1
112	10
113	4
113	13
114	6
114	7
115	3
115	4
115	13
116	0
116	1
116	2
116	10
117	1
117	11
118	1
118	2
118	5
118	6
118	15
119	0
119	1
119	2
119	3
119	4
119	5
119	6
119	7
120	0
120	1
120	2
120	3
120	12
121	1
122	6
122	15
124	1
124	2
124	3
124	4
124	5
124	6
124	7
124	12
125	2
126	2
126	3
126	12
127	2
127	13
128	5
128	14
129	3
129	13
130	4
130	5
130	14
131	1
131	10
132	5
132	6
132	15
133	1
133	2
134	3
134	12
135	10
136	2
136	3
136	12
137	2
138	4
138	5
138	14
139	2
139	3
139	12
140	4
140	14
141	2
142	3
142	12
142	13
143	5
143	6
143	15
144	4
144	5
144	14
145	0
146	1
147	3
147	12
148	3
148	4
148	13
149	15
150	5
150	9
150	10
150	11
150	12
150	14
150	16
151	3
151	4
151	13
152	3
152	13
153	2
153	12
154	0
155	3
155	4
155	13
156	3
158	1
159	1
159	10
160	3
161	4
161	13
161	14
162	10
163	4
163	14
164	4
164	13
165	1
166	5
166	6
166	15
168	4
168	7
168	13
169	0
169	1
169	10
170	2
170	3
170	12
171	6
171	15
172	3
172	13
173	5
173	14
174	3
174	12
175	2
175	3
176	1
176	2
177	0
177	2
179	3
179	4
179	13
180	3
180	4
180	13
182	4
182	5
182	13
182	14
183	5
183	14
184	3
184	4
184	13
185	4
185	13
185	14
188	5
188	14
189	4
189	5
189	13
190	2
190	12
191	4
191	5
191	14
192	0
192	1
192	10
193	1
193	2
193	3
193	4
193	5
193	6
193	7
193	12
194	6
194	7
195	1
196	1
196	2
197	12
198	3
198	4
198	13
199	0
199	10
200	3
200	4
200	13
201 	0
201	1
201	2
201	3
201	10
202	2
202	3
202	12
204	3
204	12
204	13
205	2
205	12
206	3
206	4
206	13
207	0
207	10
208	1
208	2
208	10
209	13
210	0
210	1
210	2
210	3
210	4
210	5
210	6
210	7
210	12
210	13
210	14
211	4
211	13
211	14
212	2
212	3
212	12
213	4
213	13
214	1
215	6
215	15
216	4
216	14
217	1
217	2
217	3
217	4
217	5
217	6
217	7
217	13
218	4
218	5
218	14
219	1
219	2
220	5
220	14
221	2
222	4
222	13
223	1
224	13
225	4
225	5
225	14
226	4
226	5
226	14
227	13
228	3
228	4
228	13
229	2
229	3
229	12
230	2
230	3
230	12
231	0
231	1
231	2
231	3
232	6
232	7
232	15
233	2
233	3
233	12
234	3
235	2
236	1
237	3
237	13
238	4
238	14
239	0
239	1
239	10
240	4
240	13
240	14
241	10
242	3
242	4
242	13
243	1
245	3
245	13
246	5
246	15
247	14
248	2
248	12
249	4
249	14
250	6
250	15
251	3
251	13
252	3
252	13
253	5
253	14
254	3
254	4
254	13
255	5
255	14
257	0
257	1
258	3
258	4
258	13
259	5
259	14
260	12
261	3
261	4
261	13
262	13
263	1
264	6
265	4
265	13
266	6
266	7
267	3
267	4
267	13
268	4
268	5
268	14
268	3
269	13
270	6
270	15
271	3
271	4
271	13
272	5
272	6
272	14
273	2
273	12
274	1
274	2
275	6
275	15
276	1
276	10
277	3
277	4
277	13
278	3
278	4
278	13
279	1
279	10
280	6
280	15
281	1
281	2
281	3
282	4
282	13
283	4
283	13
284	5
284	14
285	2
286	0
286	10
287	3
287	4
287	13
288	3
288	12
292	3
292	13
293	2
293	3
293	12
294	6
294	15
295	3
295	13
296	14
297	6
297	15
298	4
298	13
298	14
299	10
300	0
300	10
301	1
301	2
302	3
302	4
302	13
303	14
304	3
304	4
304	13
305	2
305	3
305	12
306	5
306	6
306	15
307	1
307	2
307	3
307	12
308	5
308	14
309	3
309	4
309	13
310	3
310	12
311	0
311	1
311	10
312	1
312	2
312	3
312	4
313	3
313	12
313	15
314	0
314	1
314	10
315	3
315	4
315	13
316	5
316	6
316	14
316	15
317	1
317	2
318	2
318	12
320	2
320	3
320	12
321	5
321	6
321	14
322	5
322	14
323	2
323	12
324	1
325	4
325	5
325	14
326	1
326	10
327	1
327	2
329	0
329	5
330	4
330	13
331	3
331	4
331	13
332	4
332	13
333	3
333	13
334	5
334	6
334	15
335	3
335	12
335	13
336	3
336	4
336	13
337	1
337	2
338	5
338	14
339	0
339	10
340	0
340	1
340	2
340	10
341	4
341	5
341	14
342	3
342	13
343	3
343	4
343	13
344	2
345	2
346	0
346	1
346	2
346	3
346	4
346	5
346	6
346	7
346	10
348	3
350	5
350	6
350	15
351	14
352	4
352	13
353	1
353	2
354	2
354	3
354	4
354	12
354	13
355	4
355	13
356	5
356	14
358	3
358	4
358	13
359	1
359	2
359	3
359	4
359	13
360	0
360	1
360	2
361	6
362	3
362	4
362	5
362	6
362	7
362	13
363	3
363	4
363	13
364	4
364	5
364	14
365	2
365	3
365	12
366	2
366	12
367	4
367	13
368	3
368	12
369	5
369	7
369	15
370	4
370	13
371	5
371	14
372	5
372	14
373	5
373	14
374	0
374	1
374	10
375	1
375	2
376	1
376	10
377	1
377	2
378	14
380	1
380	10
381	5
381	14
381	15
382	5
382	14
383	1
383	2
383	10
384	2
385	5
385	6
385	15
386	4
386	14
387	4
387	13
388	4
388	14
389	2
390	0
391	0
391	2
391	12
392	3
392	4
392	13
393	3
393	13
394	2
394	3
394	12
395	2
395	3
395	12
396	6
396	15
397	1
397	2
397	3
397	4
397	13
398	0
398	10
399	1
400	1
400	2
401	1
402	0
402	10
403	3
403	4
404	4
404	5
404	14
405	13
406	7
407	14
408	5
408	14	
408	15
409	3
409	4
409	13
410	0
410	1
410	10
411	4
411	5
411	14
412	0
412	10
413	0
413	1
413	10
414	3
414	13
415	4
415	14
416	0
416	1
416	2
416	3
417	2
417	3
418	4
418	13
418	14
419	3
419	13
420	5
420	14
421	3
421	4
421	13
422	1
424	5
424	6
425	3
425	12
425	13
426	1
427	3
427	13
428	3
428	4
428	13
429	2
430	4
430	5
430	14
431	3
432	3
432	4
432	5
432	6
432	13
434	6
434	15
435	3
435	13
436	1
437	3
436	1
438	10
439	3
439	13
440	6
440	7
441	14
442	3
442	4
442	13
443	4
444	5
444	15
445	3
445	4
445	13
446	1
446	2
446	10
447	3
448	0
448	1
448	10
449	0
449	1
449	10
450	3
450	4
450	13
451	12
453	2
453	3
454	0
456	4
456	13
457	4
457	13
458	2
458	3
458	12
459	2
460	3
460	4
460	13
461	0
461	9
462	5
462	14
463	0
463	10
464	5
464	15
465	2
465	3
466	4
466	13
467	1
467	2
468	1
468	10
470	5
470	14
471	3
471	12
473	4
473	14
474	4
474	5
474	14
475	13
476	1
476	2
476	10
477	2
477	3
477	12
478	3
478	12
480	1
480	2
480	3
480	10
480	12
481	1
481	10
482	3
482	12
483	2
483	3
483	4
483	6
483	12
483	13
484	6
485	4
485	6
485	14
486	6
486	7
486	15
487	4
487	5
487	14
488	3
488	12
489	5
489	14
490	1
491	2
491	3
491	12
492	2
492	3
493	1
493	2
493	3
493	6
493	10
493	12
493	14
493	15
494	1
494	2
495	1
496	3
496	4
496	13
497	2
497	3
498	4
498	13
499	1
499	10
500	2
500	12
501	0
501	10
502	2
503	13
504	6
504	15
505	1
505	2
506	5
506	6
507	6
507	7
508	0
508	10
509	1
509	2
510	1
510	10
511	2
511	12
513	3
513	12
514	0
515	3
515	13
516	2
517	5
517	14
518	3
518	4
518	13
519	3
519	12
520	1
520	10
521	0
521	1
521	2
522	0
524	2
525	3
525	12
526	1
526	2
527	4
527	14
528	0
528	1
528	10
529	0
529	10
530	2
531	3
531	13
532	4
532	5
532	14
533	3
533	13
534	3
534	4
534	13
535	5
535	6
535	14
536	5
536	6
536	15
537	4
537	13
538	4
538	14
539	5
539	14
540	5
540	15
541	1
542	2
543	1
543	2
544	5
544	14
545	3
545	4
545	13
546	1
546	2
547	3
547	13
548	2
548	7
550	4	
550	5
550	14
551	2
553	5
553	15
554	2
554	3
555	1
555	2
556	5
556	14
557	4
557	14
558	3
558	12
559	1
559	2
560	3
560	13
561	4
561	13
562	2
562	12
563	6
563	7
564	6
564	15
565	1
565	2
566	0
566	1
566	2
566	3
566	4
566	5
566	6
566	7
566	10
566	12
566	13
567	1
567	2
569	6
569	15
570	6
571	3
572	5
572	14
573	1
573	2
573	5
573	6
573	7
573	10
573	14
574	0
574	10
575	4
575	5
575	14
576	2
576	12
577	1
577	2
578	0
578	1
578	2
578	3
578	4
578	5
578	6
578	7
579	1
580	3
580	4
580	13
581	2
582	3
582	13
583	3
583	4
583	13
585	2
585	12
586	3
587	6
587	15
588	0
588	10
589	0
590	3
590	12
591	4
591	5
591	14
592	2
592	12
593	3
593	12
593	13
594	1
594	10
595	3
595	13
597	2
597	3
598	2
598	3
598	12
599	5
599	14
601	3
601	4
601	13
602	4
602	5
602	14
603	1
603	2
603	4
604	4
604	13
605	0
605	5
605	10
605	14
606	3
606	13
607	4
607	13
608	5
608	6
608	15
609	5
609	14
610	3
610	13
612	5
612	14
613	0
613	10
614	0
614	3
614	12
615	2
615	3
615	12
616	3
616	4
616	13
617	2
618	3
618	4
618	5
618	13
618	14
619	14
620	5
620	14
621	3
621	4
621	13
622	0
622	1
622	2
622	3
622	4
622	5
622	6
622	7
622	13
622	14
622	15
623	1
624	2
624	3
624	12
625	1
625	2
626	4
626	14
627	4
627	5
627	6
627	7
628	3
628	13
629	4
629	5
629	14
630	14
631	0
631	1
631	10
632	3
632	13
633	2
633	12
634	5
634	14
635	1
635	2
636	3
636	12
637	2
638	3
638	13
640	6
640	15
641	5
641	15
642	3
642	13
643	4
643	13
643	14
644	3
644	13
645	1
645	2
646	6
646	15
647	4
647	14
648	0
648	10
649	3
650	2
650	3
























